2.712431178143090
2.527128961019369
2.349927651735697
2.183567349977674
2.029795328858788
1.889466796629183
1.762715901574132
1.649147004280586
1.548012707582325
1.458361449352345
1.379149636867110
1.309320609819741
1.247856100854576
1.193806693157573
1.146307240560931
1.104582126694351
1.067944061324704
1.035789066258423
1.007589466350144
0.982886074348935
0.961280310760583
0.942426692442196
0.926025919637129
0.911818660503529
0.899580051901951
0.889114888549008
0.880253447838154
0.872847886608581
0.866769143507689
0.861904282802320
0.858154220280908
0.855431777836791
0.853660019577111
0.852770828370278
0.852703687366592
0.853404636083084
0.854825375102304
0.856922497312563
0.859656826956538
0.862992850610797
0.866898226648506
0.871343361797400
0.876301045147138
0.881746131431064
0.887655266648189
0.894006650137388
0.900779828098032
0.907955514295233
0.915515434315818
0.923442190271337
0.931719143292630
0.940330311539646
0.949260281771395
0.958494132793232
0.968017369329863
0.977815865068947
0.987875813787376
0.998183687614741
1.008726201610004
1.019490283931177
1.030463050966506
1.041631786871654
1.052983927022497
1.064507044949057
1.076188842364184
1.088017141942037
1.099979882537106
1.112065116565515
1.124261009297113
1.136555839830194
1.148938003541102
1.161396015818789
1.173918516910152
1.186494277715909
1.199112206389200
1.211761355600228
1.224430930340354
1.237110296148217
1.249788987648902
1.262456717304973
1.275103384285498
1.287719083366036
1.300294113779068
1.312818987940572
1.325284439984363
1.337681434041606
1.350001172208400
1.362235102149788
1.374374924293740
1.386412598573759
1.398340350683765
1.410150677813675
1.421836353838832
1.433390433940999
1.444806258642984
1.456077457243246
1.467197950640936
1.478161953545651
1.488963976070044
1.499598824706809
1.510061602695060
1.520347709784121
1.530452841405760
1.540372987268564
1.550104429390615
1.559643739588940
1.568987776446193
1.578133681776851
1.587078876616789
1.595821056761464
1.604358187879076
1.612688500226005
1.620810482992561
1.628722878307596
1.636424674930896
1.643915101662382
1.651193620497199
1.658259919555549
1.665113905815837
1.671755697679223
1.678185617393116